1.00
1.00
1.00
1.00
1.00
0.48
0.35
0.61
0.95
0.76
0.95
1.00
1.00
1.00
1.00
1.00
0.61
0.33
0.25
0.11
0.26
0.27
0.23
0.19
0.15
0.08
0.06
0.06
0.07
0.07
0.08
0.10
0.12
0.11
0.07
0.05
0.04
0.04
0.06
0.09
0.11
0.12
0.13
0.13
0.15
0.20
0.18
0.15
0.13
0.18
0.24
0.27
0.27
0.27
0.26
0.30
0.38
0.44
0.47
0.45
0.44
0.46
0.42
0.30
0.17
0.14
0.13
0.12
0.11
0.10
0.11
0.13
0.18
0.25
0.35
0.43
0.44
0.43
0.46
0.57
0.64
0.60
0.47
0.33
0.23
0.19
0.17
0.14
0.10
0.07
0.07
0.08
0.10
0.13
0.16
0.17
0.18
0.19
0.19
0.18
0.18
0.18
0.18
0.17
0.16
0.15
0.15
0.15
0.15
0.17
0.18
0.19
0.18
0.16
0.14
0.12
0.12
0.14
0.17
0.18
0.16
0.14
0.14
0.14
0.13
0.12
0.12
0.12
0.13
0.15
0.17
0.19
0.20
0.20
0.20
0.19
0.18
0.18
0.18
0.16
0.15
0.16
0.15
0.14
0.14
0.17
0.20
0.22
0.23
0.21
0.21
0.21
0.19
0.15
0.14
0.15
0.16
0.16
0.15
0.13
0.11
0.11
0.12
0.12
0.12
0.14
0.16
0.16
0.13
0.12
0.13
0.14
0.15
0.14
0.14
0.14
0.14
0.14
0.16
0.17
0.18
0.17
0.18
0.18
0.17
0.16
0.14
0.12
0.12
0.12
0.12
0.12
0.11
0.11
0.13
0.15
0.17
0.18
0.20
0.22
0.21
0.21
0.21
0.20
0.19
0.19
0.20
0.22
0.22
0.23
0.26
0.28
0.28
0.24
0.19
0.20
0.21
0.22
0.23
0.24
0.25
0.25
0.24
0.21
0.15
0.09
0.08
0.09
0.11
0.14
0.13
0.13
0.14
0.17
0.18
0.18
0.18
0.19
0.20
0.20
0.20
0.20
0.20
0.21
0.23
0.24
0.21
0.17
0.15
0.18
0.17
0.16
0.17
0.17
0.16
0.15
0.21
0.26
0.27
0.26
0.24
0.24
0.23
0.22
0.21
0.23
0.24
0.23
0.21
0.19
0.17
0.17
0.17
0.17
0.17
0.16
0.15
0.16
0.19
0.21
0.21
0.24
0.25
0.25
0.24
0.25
0.24
0.23
0.22
0.23
0.25
0.27
0.26
0.24
0.21
0.20
0.21
0.21
0.22
0.22
0.26
0.26
0.27
0.27
0.25
0.23
0.19
0.15
0.12
0.13
0.17
0.20
0.23
0.25
0.26
0.23
0.19
0.20
0.25
0.27
0.34
0.74
0.80
0.48
0.44
0.36
0.30
0.25
0.21
0.19
0.18
0.19
0.21
0.24
0.24
0.26
0.26
0.26
0.25
0.29
0.30
0.28
0.23
0.19
0.17
0.20
0.23
0.24
0.24
0.23
0.22
0.23
0.25
0.26
0.27
0.28
0.27
0.27
0.26
0.25
0.25
0.25
0.25
0.26
0.26
0.26
0.27
0.27
0.26
0.24
0.23
0.22
0.21
0.20
0.19
0.19
0.21
0.25
0.31
0.36
0.87
1.00
1.00
1.00
1.00
0.61
0.38
0.27
0.25
0.33
0.38
0.35
0.32
0.33
0.36
0.36
0.35
0.33
0.30
0.29
0.27
0.26
0.25
0.24
0.22
0.20
0.22
0.26
0.34
0.51
0.54
0.57
0.58
0.59
0.63
0.68
0.75
0.83
0.91
0.96
0.99
1.00
1.00
1.00
1.00
1.00
1.00
1.00
1.00
1.00
1.00
1.00
1.00
1.00
1.00
1.00
0.98
0.96
0.96
1.00
1.00
1.00
1.00
1.00
1.00
1.00
1.00
1.00
1.00
1.00
1.00
1.00
1.00
1.00
1.00
1.00
1.00
1.00
1.00
1.00
1.00
1.00
1.00
1.00
1.00
1.00
1.00
1.00
1.00
1.00
1.00
1.00
1.00
1.00
1.00
1.00
1.00
1.00
1.00
1.00
1.00
1.00
1.00
1.00
1.00
1.00
1.00
1.00
1.00
1.00
1.00
1.00
1.00
1.00
1.00
1.00
1.00
1.00
1.00
1.00
1.00
1.00
1.00
1.00
1.00
1.00
1.00
1.00
1.00
1.00
1.00
1.00
1.00
1.00
1.00
1.00
1.00
1.00
1.00
1.00
1.00
1.00
1.00
1.00
1.00
1.00
1.00
1.00
1.00
1.00
1.00
1.00
1.00
1.00
1.00
1.00
1.00
1.00
1.00
1.00
1.00
1.00
1.00
1.00
1.00
1.00
1.00
1.00
1.00
1.00
1.00
1.00