1.00
1.00
1.00
1.00
1.00
1.00
1.00
1.00
1.00
0.98
0.97
0.96
0.95
0.96
0.95
0.96
0.97
0.97
0.98
0.98
0.96
0.99
0.96
1.00
0.98
0.97
1.00
1.00
1.00
1.00
0.98
0.94
0.95
0.96
0.97
0.98
0.98
0.99
1.00
0.97
0.99
1.00
1.00
0.96
0.96
0.95
0.93
0.92
0.92
0.93
0.91
0.88
0.81
0.86
0.85
0.95
1.00
0.96
0.95
0.94
0.95
0.95
0.95
0.94
0.95
0.94
0.96
0.94
0.94
0.95
1.00
1.00
1.00
0.96
0.96
0.97
0.96
0.95
0.96
0.95
0.94
0.96
0.97
0.97
0.97
1.00
1.00
1.00
1.00
1.00
0.96
0.95
0.96
0.96
0.98
0.97
0.97
0.96
0.96
0.96
0.96
0.97
0.98
0.98
1.00
0.99
0.97
0.96
0.99
0.97
0.96
0.94
0.93
0.82
0.75
0.80
0.89
0.98
1.00
0.97
0.95
0.97
0.97
0.98
0.97
0.96
1.00
0.98
0.95
0.95
0.95
0.95
0.93
0.96
0.98
0.94
0.91
0.90
0.93
0.97
0.96
0.93
0.90
0.89
0.90
0.94
0.91
0.87
0.84
0.87
0.91
1.00
0.96
1.00
0.97
0.96
0.96
1.00
1.00
1.00
0.91
0.90
0.91
0.97
1.00
1.00
1.00
1.00
1.00
1.00
1.00
1.00
1.00
0.93
0.89
1.00
1.00
1.00
1.00
1.00
0.98
0.96
0.94
0.94
0.96
0.97
1.00
1.00
1.00
1.00
1.00
1.00
1.00
0.96
0.96
0.96
0.94
0.97
0.95
0.96
1.00
1.00
1.00
1.00
1.00
1.00
1.00
0.94
0.95
0.95
0.94
0.94
0.92
0.91
0.91
0.91
0.92
0.90
0.91
0.91
0.93
0.93
0.95
0.96
0.97
0.99
1.00
1.00
1.00
1.00
0.98
0.96
0.96
0.97
1.00
1.00
1.00
0.96
0.94
0.94
0.95
0.97
0.97
0.97
0.97
0.97
0.97
0.96
0.94
0.94
0.99
1.00
0.99
1.00
1.00
1.00
1.00
0.97
0.96
0.97
0.98
1.00
1.00
1.00
0.96
0.93
0.96
0.97
0.98
0.96
0.97
0.97
0.97
0.96
0.96
0.96
0.96
0.98
1.00
1.00
0.99
0.99
0.94
0.98
1.00
1.00
0.97
0.94
0.96
0.96
0.95
0.95
1.00
1.00
1.00
0.99
0.94
0.93
0.93
0.95
0.97
0.99
1.00
1.00
1.00
1.00
0.99
1.00
1.00
1.00
1.00
1.00
1.00
0.98
0.97
0.98
0.97
0.97
1.00
1.00
1.00
0.98
0.96
0.96
0.95
0.96
0.98
1.00
1.00
1.00
1.00
1.00
1.00
0.97
0.97
0.97
0.95
0.94
0.94
0.94
0.94
0.93
1.00
1.00
1.00
1.00
1.00
0.98
0.99
0.99
1.00
1.00
1.00
1.00
1.00
1.00
1.00
1.00
0.98
0.98
0.98
0.99
0.99
0.98
0.99
1.00
1.00
0.97
0.95
0.96
1.00
0.92
1.00
1.00
1.00
1.00
1.00
1.00
1.00
0.98
1.00
0.99
0.98
1.00
1.00
1.00
0.97
0.99
0.98
1.00
0.97
0.99
1.00
1.00
1.00
1.00
1.00
1.00
1.00
1.00
1.00
0.99
0.98
0.99
1.00
1.00
1.00
1.00
0.98
0.95
1.00
1.00
1.00
1.00
1.00
0.96
0.99
1.00
1.00
1.00
1.00
1.00
1.00
1.00
0.99
0.95
0.96
0.94
0.95
0.96
0.98
1.00
0.98
1.00
1.00
1.00
1.00
1.00
1.00
1.00
1.00
1.00
0.99
0.99
0.99
1.00
1.00
1.00
1.00
1.00
1.00
1.00
1.00
0.99
0.98
0.98
1.00
0.99
0.99
1.00
1.00
1.00
1.00
1.00
1.00
1.00
1.00
1.00
1.00
1.00
1.00
1.00
1.00
1.00
0.99
1.00
1.00
0.98
0.97
0.97
0.98
0.98
0.98
0.97
0.95
0.98
1.00
1.00
1.00
1.00
1.00
1.00
1.00
1.00
1.00
1.00
1.00
1.00
1.00
1.00
1.00
1.00
1.00
1.00
1.00
1.00
0.99
0.96
0.96
0.96
0.95
0.96
0.96
0.98
0.99
1.00
1.00
0.99
0.99
0.99
0.98
0.98
0.99
0.96
0.94
0.95
0.95
0.98
1.00
0.97
0.98
0.98
0.97
0.97
0.97
0.96
0.93
0.94
0.95
0.95
0.96
0.95
0.97
0.96
0.97
1.00
1.00
1.00
1.00
1.00
1.00
0.97
0.96
0.96
1.00
1.00
1.00
1.00
0.98
0.96
0.95
0.95
0.95
0.96
0.95
0.96
0.97
0.99
1.00
0.97
0.97
0.97
0.97
1.00
1.00
0.98
1.00
1.00
1.00
1.00
1.00
1.00
1.00
1.00
1.00
1.00
1.00
1.00
0.97
0.96
0.96
1.00
1.00
0.99
0.95
0.96
0.98
0.97
0.96
0.96
0.95
0.96
0.97
1.00
1.00
1.00
0.97
0.95
0.97
0.98
1.00
1.00
1.00
1.00
1.00
1.00
1.00
1.00
0.99
0.97
0.98
1.00
0.99
0.98
0.97
0.98
0.96
0.96
0.95
0.96
1.00
0.98
0.99
0.99
0.99
0.98
0.97
0.97
0.97
0.97
0.98
0.98
0.98
1.00
0.98
0.96
0.98
1.00
1.00
0.98
0.97
0.99
0.98
0.97
0.97
0.94
0.95
0.96
0.98
0.98
0.97
0.96
0.94
0.94
0.96
0.95
0.98
0.97
0.97
0.98
0.98
1.00
0.99
0.96
0.92
0.90
0.92
0.95
0.98
0.97
0.94
0.90
0.87
0.81
0.81
0.79
0.81
0.82
0.85